$ANSIBLE_VAULT;1.1;AES256
34613939656665626564613064643263666165616631396662643536666234303362343066306635
3534383438616531373730343136373031396134623061320a616234333036323361623833326631
36366165346564316234353662366437393563313164666131613765313166353463303338343937
6137616637336466310a313431353361383262623934333534306137346661383662646333313866
30366539326636633965663935633565626436393938656532343566316633636564633232633536
38656466653236303837653433373861316539643361333838633731353935353232613038343838
31393934366362323665373965323331323164623030383634663033303139616634663966373665
37346432656563313062373031306636386562346438313563383034343639613630323461363833
63303766386663323334346134356236366165343335373663343237636633343132346365643833
63373831653061623265623435663764346339363431636561316432613262616463666136396630
62363861613732343665393239323661313435613837373263623332653730393134346538303062
33353131306331333562353432363361363735393437326361316262613263356634346534386666
33313730333937616630376333616532323433333861633437343962346464383262323538343037
35663164363562356164333036653839643939386166313066373361663761646330326637316466
61373864386163396634616263326435376163323233663237353066303538646161373264616364
34653661623630663464366661363065373463613730376162613631613330346265643239653761
64393032626137643063343364306433376439343364366432613730363231363166386434333535
35356264616137373031626337633439353135366235333038353735623239353062663638336233
35343062356665663836333166666336393865336639653531663430353436303131633965386166
31623933393233616262306236613562626131353434353237643363313165653331303836356261
66306166313333386433373065663835613562313865343032343435343831656230353733366165
33666130356531353435306264653733313635633365363464653334326461396634653035316634
39363438336631396137313466386533613332656362353233623563643162316664396339663664
64363666633166626534383561646130623139663533343034363837333661366431356430333465
65316266393539633939336635613937626562373835303861653162646435656430353565363334
38633062373265363434663837623663316632316330373833326333613835666532373038393737
32393333353630306163636464613633326231383031666430353432346231313163646461323831
37346134353365366437623566623938636138383432353533646632623037396430656436323565
64366639623963633338373162316236343530373533663662333664323161383937
