$ANSIBLE_VAULT;1.1;AES256
39366639313339356662303930633566383766653339653862663034656665303066363235326639
6364303765303462323231633734663731643030353466660a396265353939383031633232396432
35393966336239613264616262616136346165343361356430643338313062393637336161636635
3535323365646565320a366330376132333830356233666237663636373036343432623138663432
37353132643036303838393733656164343739383136306465343863653739366438613963356165
35663732666566396464616362313834323137613564346264646337613062303435626239646638
39363463373561383034363633383761343837363133633161656261373764346230376438646434
31323164383535356364633337643964356563336263623239623466613435616462303062353564
33636638313630316366633237653765396435313139393539633236393562393234383163653830
63613237613832376362663931316235393463643331353864383262613534626330613430623264
30633761386162346261653161353035646361386638626232373561666266306131616561326233
66633231626365613433316439313162323462633838346235666661336563353562653436646565
64393162663638373935633831616530373838376134633766313239356663616532656261623832
36616137633165386634353261363761336531383063646532393565353561613566336639386435
62383965613762616631666566623162343337633631363162626561386565326465326235653763
35393538393166313666383061326130343265336234663138636234376439643362666233393536
33313731383134636565303239646661663663663766383836623161363865353732303733633063
34643361313533663236653834313035316238356633303366373961653035366138646235343061
34376464306263363331303866303432653239616465373762663730613739356239656632613662
63323261396533353832356562613539343435333966326330633662383438383330353233306364
63616437303761653838376436346333653065663638613236333864316630386562316130386665
64366338333639353365633135633261343131313633306333656362313963316564346363633637
37643964356266613931366634303637666432313839333264613635346361643964646336653162
38616465363837616335666238383362386337626536626532373037613930333039393231376231
64356464323933326461373463643537363635643337383364646137333966353839333033313135
39333232333363633835316432636336616530663966376235633034393166393039616236646565
65633862326335643662356630323964316233353362626265333634326634336337653731616163
66666637316639366633306165656465363934303638373439356438616436303463303133653061
65346630616366326265633337613037613434656639366435346633393030363633313839633061
32383965663837623365366630663838666436333361346537623232386339653233393337346533
64376461343865366233633363326334343865346137633031343661386439656435636661393434
31316337613462313565646531306164383736313963396662336565373162616231303365383239
37323865343238363063306462656534646662303132353061326538393832663464376132393331
37383631633361393930326531616234343861653933363235376134343338613862326333636265
37653962626664336661356465646337313531643330626630323665633330386665356435613064
65656164373039396363373138323831623961656262383939396433376632396533653030353832
61626162333339366263313633306334666339333436353537353930653633353564646365656334
33666336336532363639323564396338373433373039373865393036346137373266383833636663
38626636623661633438643162656430633866323539303538643931323730303334323366653831
62663665333434313262663730663765323735626436666137393131316531383336373538643836
34376132363734666366363463333963346462336563393162356535333537653435626231643830
38306662316263333136656661623234376265366662393662643332646236646431613264626562
36363130643535616537636163393436613738646231313233646161333861666561373362373964
32323039613131653038386166356461613938653166656634366437303039643164353435653962
35303462313163633764313439643862626562626163363466393532373434393565653562306632
39316630666562646636303834323634316433303035643833333738396263303262306362376239
64643366646435333239383633393965663532303166326665323862373938343361393635613764
36346336666335663031346366656664396132646537343665646232343137653561663531353539
31346363643262353533633236653265383765666339383939653835653264323930383463316161
64336637666662633663363637313134383733383237366438313736616530303566303039613439
63663034363230393064346361623335373132393736643564393236643639623365383363313965
62313137346263656131656130316634383834396362336666303664343831376332356461313139
36343930643235643131333166386462363938323363633434333066646235333935343239353434
36393963636638623931353432643339353330306266623662396336326665303634666563353662
33623038346135316438623937636231613230633237326462346239666664656162333561613863
66366665626530393934386230653963396638636139336261323763343461313166366237393938
31663464663066376137633463653837313037363561336336373066616261363066386433666562
31666530646263653162653863363534633761643138316161336338366165656637646261616234
37303137656531636434396161373061306231396536643938313136326266326535656135353462
65386338616438386531336633393565633530313335613766623765616166306163663366663061
61633362326161663963363932366634306130383338656234303965643666353037393334633333
37323364643330386438316231613839636133323236643237336466343632393866633865313739
32633764363730336566383266666439346639313862366137653135626634313331386230616535
37363962663066626363626461363630323034366634373735663437613335663138366239373965
66383862313464353631396232363637356464323538313837643638613931303862323933346231
31393935643836353034373430623361643030316563333534633164623561613830643437313062
33346463646664653162396466313631363763333261326535633839343463313537653264343638
65303638353335306239363864623861383866346261623331316437643264373462323539313533
37653331643630343232636532636133663833613161363635666566383437643534346132333030
37376639623530393363303337383565306536323031626535386631313932306162323336633066
63396233336433343234653733376262633761363365386463343132623564323366383263316162
38386430386262623530316534393835383731626235326636326432653962343232653065383636
61666663613466303835623430333233303232626136613035343731383833343136373535303765
35633735336235326166653433616663326166356534323537653239333330656632366339613465
37333862356534396235336230343962343266323739656234363061623962336563353166313130
31333130356335356461396634343039623039666464616630366533626331326333393763323433
32623236646466346139393736653066366435373163646539343330376135653065313663333432
31323438653064656339393566393030623732646663663134343833326430616464306435323130
63626465383136306434313732633465346562663161376138656639333930663231363134346561
34373837396464643033633733633334383464623832666133643965656530356565666531343664
62336564376464333339613731656163343438613237323863373163636664376362646662643430
63353234663162313436656461383735656333646631613530353862326162643034353633633739
33636431616337363337303963393537623839373461653130653634663634623333373962353931
38333861306563346235656362313635633635306164383038656135626331363938306332633936
38386264376434313632613038376631353764383761323561653763376435613339366562616265
61326230643439386231333130346461383033323035326132383264613238333630393664666239
66613261646466346439313831323964366565376466373135323832626137346139393463373034
38373330616330643763396361656430323039353663663062396162313864643230393965643238
62623637386337636634643638643530343431333937383562376134636534323265383532383266
35633366616436633539616433643062343762376430313537616165373063333434383863623136
31323634393530613632646232303830323739396664313634643734373435626430623430636330
35643462623061383262303335626439323632376632313339346136386464656131373436316337
38616430323266613130653433366564336662656361336632656262353130343338306230363865
30636463386166346637663032666536653130316432346162623136336132636433636138306166
33303233616166353966643635383639616431653139353938656235303462663737393537353134
32323465306537316666616531353265643233336635623639653531653364336261393964653031
32373237653236623762363066353465336433623536643334353434383562356538336161643364
36396536623432636335653837323064623432366464663135653933353935306464346466313563
35393063326163613436353238613934333036643463653533343064386365386262653864633935
34383862636464666664646333653338316538333236663231643033313638656164666238353834
37633539623435373433366538656362363861343461663466313463306663663163396439666465
37373936353561373234313930633430623134633138363135326337643538663335373233316335
30343664323564633463656536623665626662653861636365386334366535383637366262636361
35646135323362386637353564633666386632623864353135373735356237666465663865653839
66336335383636633964653933646434393030636237383233343564623537336531613963666330
37656363353032316361616563343034623436666430393263383461316561613734323566333861
65636532646466666366613234363431306663633766303537366564626134646436376561333164
36333865383835393839643235356336313964646138633062663563633930373935386537313333
33383961663937383466663263303864653638343130336136393162336162613131383663613235
33373738626638336264323161613161393239633461616133313835356365303536303539393466
37326636343536306233663163666432353132343639393536646138383937663063366334363766
36316564386561383834616362616266393566393965666161363463663637633238303261633261
32373938343934313066373265326532396337613639666561326637646336623237656365613733
34646262653263333037323138656337356164646566366330613436303135383832653766313436
65646466323230616633633231313937383638373061656337326538613965343665306662356666
65626232303837393362626136663438643166346466343238366633656466326136373863366166
37356337393061666430393533613762373738343631393832343661306663666432303738646265
34383638363561376433343938613161306538396262333931616161616663393639646137346533
65653965336363613163323335343566363461336361383334303336353035346235313837363332
31326533636538356337363065623736393561663333633332366639366434383331636633646365
63346562333762643564336438343066633361343032396235636231306339663234313335323939
34626363653163656236636464363937636239666137306131623732393464616336326535653031
65616230366432343365626661643536636161343333393930393033633432616661386464656265
31376239393031376437326234366164353961313263353463383539393536303563383630386563
64616332363936623633663864326135386463396633653165373335393738623339626436383433
63346363366134626432653062383339316533663133313231313432613530356133646164386436
66346466316135313932313631343763633734313961343437613761373163623436303134306266
35666332313634613664633433363234333635333362663732643432326438353366323465633761
38623532386166623266306636663035353162376233333939363262316639363063386635313636
36376132366330376433343035643038396661653039383237343039366164616166646638386530
62333230353139313234376136323130643862343636373462306438646133666561306266646463
66643637633365643966393938333836653032303038633766363365313730356164633732616431
30613162353831656430343230316665363536653837303033656562396561393661356565333165
31323233303764626262336633616335613961393138643935663862633239386331326261613331
62303034316363333634383262326235633534333961316364636238333230616130383861623832
30613334383766643562636661316133393335383835313330373038353731623139666265663235
36616632663561393839336661386362396331323633393736323735646534663135383563356661
31336462623762643066353161343763363337313363666237653166393936363832643333636562
34336238303434636563333064393464323062623736653638383862313566653132373665393933
39346337656335383666393930653061643232353734316536646533393031303838396538616464
64653036623566336432383261626664316363643065646437336363343234373837643761633737
35383638373332616536313365616437666162313864326163376464666135313762383139636662
32613434343136653763363835386239613431376237393634656362366139333734636531656637
37376261666262633832383164613935626430393935366361333562366165343437656130323563
61653362363136663264316662326365393631316235303963633432626634333765616461633231
34323162313131333036613636636132636562343962326231623765646363366265316462643633
63353537346335653235663264633166376563373065643762626133383037323538646566663230
30323430626662343737646530363934353333383661623431336232613262643461633934306166
63303031663539383831663564613735636631323466376435356532373164376636383562366265
62373735336431356234383534643164653136366635653636316334663065333363373930623739
61306365343730656662646637323030393432633230376134346563306233633833653161663831
66613533386264343938646563656539396265613161623136326566383661343338396637633937
33316537656262313439636133353337383433363566613034363532363338623939623636663866
39656663633933333330656538623631383037353864313339663665303035383662326133343730
33336231393066383863613165616466306535663361316333383530636234363732383734343365
33393565313462316636633763353131653731623735303966386337333130666635666265383264
66323566353166626232376365393462303034303766613863336630346536303864336330663239
63666330376132313730383136333261356464393063633739626435386531386531323266353536
33363830333863616236323338386638396436653132613936326266626363623865313166623838
34376330626165346633633264643838356564366137636536356665383465633034386631393839
65306336323231623565623630386563356461316332333964616531336163343638646639316461
36386262663735613334636235666263646264393535323230343062366339643738323238303434
38633161616161633131383237623564356663666464626461336261636131313838386531383061
66613235363462393934366235393536303039633865666537643131323233353339306338636535
64313938653161626666316164313736393534303864613063656665333864343962333665626233
31653937326462343766353837383864363834366436396437363330613637336230643861646630
62653236363830393638363832333464633332343261656332633161626432306230373433386633
38343331306462356661306165653931383037653936323332343935633464393134313631306339
39336163656264363866366437623364386334633161656339663732663266373432663565333766
39656537393339363136653033623234323532333330613535643763623537653463313438396566
39386366646263313034623737663536393764326364333334366364333964613265333030383361
31373036373331323661353538376463643764323261373061386661383530303230333538336330
33616264366136666366393837373739376132306237343765653165373934393237
